362.31481075286865 600.8182525634766 -49.94013011455536
359.64590549468994 543.0130004882812 -87.40982294082642
360.086088180542 561.5730667114258 -46.17353081703186
347.2103476524353 485.1922607421875 -64.30929780006409
359.8048210144043 525.0722122192383 -92.92720198631287
360.4503107070923 501.8289566040039 -86.14297807216644
362.4685335159302 444.8126220703125 -41.42429620027542
245.9792947769165 443.63861083984375 28.838303983211517
363.6971139907837 394.8170471191406 -30.798228979110718
364.1529178619385 369.5340347290039 -34.45447951555252
366.7464208602905 289.53128814697266 -16.76752656698227
362.1213483810425 610.7015991210938 -47.918522357940674
361.9111490249634 622.2106170654297 -42.000214755535126
361.7901277542114 630.2610015869141 -33.034483194351196
361.80956840515137 630.5062103271484 -31.02048486471176
361.65876388549805 641.8568420410156 -31.974922120571136
361.32380962371826 655.2098846435547 -34.1738560795784
361.0052490234375 668.2077789306641 -29.830504059791565
358.64492654800415 676.3850402832031 -11.20004117488861
359.86140489578247 552.3215484619141 -79.14359271526337
346.4217138290405 552.1380233764648 -56.163471937179565
192.9905390739441 371.3102340698242 112.20251083374023
292.0316004753113 460.60115814208984 8.2303536683321
275.04276752471924 462.58548736572266 10.719646140933037
259.49241399765015 460.65929412841797 16.608951687812805
240.12107133865356 449.6390914916992 32.28025406599045
306.7124676704407 454.4320297241211 9.515418112277985
269.18585300445557 400.675048828125 3.427928164601326
288.8427543640137 403.7632751464844 2.093831095844507
250.83645343780518 403.60511779785156 10.545069873332977
239.18262004852295 411.6160583496094 18.1980961561203
228.3171844482422 460.1266860961914 41.43935680389404
302.79680728912354 691.3064575195312 9.149758592247963
241.1520266532898 437.7595520019531 35.078975558280945
189.48997735977173 447.4779510498047 118.62715244293213
212.72387266159058 445.54298400878906 59.737064838409424
282.91693925857544 530.6702423095703 -5.825772061944008
342.03819036483765 596.2926864624023 -46.076542139053345
344.00843381881714 621.6756820678711 -38.56708645820618
321.01934909820557 603.6526107788086 -35.2379634976387
307.75672674179077 612.1319580078125 -23.22000414133072
328.45593452453613 622.2881317138672 -31.554990112781525
316.4400243759155 624.019889831543 -20.421039909124374
292.482705116272 644.8335266113281 4.006892032921314
346.5736126899719 542.3727035522461 -85.37296950817108
344.0822696685791 525.3844833374023 -90.18237948417664
217.00727462768555 391.1960983276367 27.05360770225525
314.4440746307373 486.0729217529297 -9.935649186372757
311.9938015937805 539.7780990600586 -43.17997097969055
310.8665657043457 530.599479675293 -38.25033366680145
237.0926856994629 528.7818908691406 18.765471875667572
345.63275814056396 503.6951446533203 -80.07521510124207
253.07697772979736 370.8142852783203 -4.48684886097908
230.86107730865479 376.7497253417969 10.754622146487236
205.6266188621521 339.0149688720703 78.1203943490982
326.48303031921387 390.49964904785156 -23.940061926841736
305.56124210357666 412.823486328125 5.849309116601944
282.61058807373047 628.2186889648438 8.089985623955727
217.4528431892395 606.013298034668 162.1191930770874
324.4342088699341 549.4257736206055 -37.90909230709076
336.75106287002563 554.6352386474609 -39.987490475177765
293.8541293144226 627.0395278930664 4.047446697950363
297.9695391654968 627.4363708496094 -1.4645572006702423
223.25343132019043 364.15504455566406 18.954835832118988
312.2819137573242 548.3728408813477 -34.18475389480591
284.00705337524414 374.25506591796875 -16.747109591960907
281.1100745201111 358.78501892089844 -20.09346440434456
269.8329734802246 297.1759033203125 9.054293408989906
213.61764907836914 353.2844543457031 44.04454082250595
276.30271911621094 327.88902282714844 -6.657576039433479
209.54910278320312 383.55751037597656 41.906957030296326
200.42315483093262 379.8735046386719 74.44762945175171
342.41307735443115 609.2689514160156 -44.42476004362106
324.58361864089966 613.3655548095703 -34.433123767375946
311.8226981163025 618.1516265869141 -23.389243483543396
328.36570501327515 552.9110717773438 -34.33730721473694
295.9403944015503 627.3085021972656 1.058464301750064
302.7903914451599 633.2058334350586 -8.738560527563095
300.23465394973755 627.6346206665039 -1.9429570063948631
330.6955361366272 542.2183990478516 -60.3791481256485
319.926381111145 627.951774597168 -17.149565666913986
331.668963432312 628.3108901977539 -24.26801562309265
345.7926392555237 629.2702865600586 -30.250057876110077
337.8448462486267 674.9959564208984 -10.129471644759178
339.70123529434204 665.8506774902344 -28.294233977794647
341.120080947876 652.9856109619141 -31.669657230377197
343.2656764984131 639.5659255981445 -29.17739689350128
345.6427574157715 629.5268249511719 -28.149794340133667
319.5728015899658 628.4269332885742 -15.51249548792839
315.7986545562744 633.2476806640625 -17.23422959446907
311.2205743789673 639.5831680297852 -19.361704140901566
307.6517343521118 646.3972473144531 -16.121692210435867
298.32361221313477 595.7241058349609 -16.49742141366005
197.07026481628418 522.5712585449219 187.61728048324585
360.03939628601074 556.6411209106445 -57.723058462142944
310.6411099433899 628.126335144043 -7.598769888281822
306.76589727401733 630.5442428588867 -8.854755163192749
340.9685468673706 561.4918518066406 -40.77357888221741
318.58154296875 559.0150451660156 -22.706395983695984
339.0328288078308 558.0970001220703 -40.72387754917145
297.1806049346924 496.8467330932617 -3.014509230852127
271.3532495498657 508.8191604614258 4.138495959341526
308.9188528060913 539.0650939941406 -28.855242133140564
229.7728943824768 313.4063148498535 41.365743577480316
237.28271484375 334.8050308227539 17.421178221702576
247.82358169555664 355.85723876953125 -1.6578103601932526
303.48783016204834 655.7356262207031 -2.8776374459266663
320.89759826660156 365.4893493652344 -30.40818214416504
317.74295568466187 328.6730194091797 -21.479719877243042
314.16688442230225 290.34828186035156 -10.778319463133812
246.95883750915527 456.8497085571289 24.94966149330139
213.02721977233887 472.27821350097656 51.60349130630493
316.6361689567566 448.2948684692383 11.210014969110489
224.51123714447021 419.96166229248047 34.82187241315842
325.7254457473755 473.91719818115234 -16.364332884550095
320.2879858016968 531.8416595458984 -59.67542231082916
200.17237901687622 482.4532699584961 71.37396275997162
221.48051261901855 485.61683654785156 35.744640827178955
240.50400495529175 492.3386001586914 18.90147864818573
271.28535747528076 489.66487884521484 10.056736171245575
294.8106050491333 482.0330047607422 4.697423055768013
312.8950881958008 472.49622344970703 -0.738221537321806
346.81421756744385 449.1241455078125 -34.28698629140854
204.62121963500977 519.8909378051758 66.61324560642242
213.83495092391968 416.9788360595703 43.828730285167694
352.1424150466919 551.607666015625 -77.710622549057
316.08299016952515 503.18206787109375 -17.371298521757126
188.28613758087158 445.55076599121094 175.03106832504272
326.122305393219 461.4849853515625 -3.944498486816883
308.3635926246643 540.4094314575195 -12.52964437007904
233.93686294555664 437.3786163330078 38.97653102874756
320.04514932632446 520.8884429931641 -53.48777532577515
204.8868227005005 563.2982635498047 179.70439910888672
318.0916213989258 441.35467529296875 15.148012787103653
332.17660903930664 510.15647888183594 -69.7168779373169
246.40093803405762 649.1670989990234 71.32044732570648
249.40900325775146 664.6739196777344 101.80629014968872
194.89213943481445 521.3057327270508 127.27937936782837
229.2852258682251 625.8639907836914 93.62288117408752
194.3889570236206 411.54991149902344 101.41774535179138
300.5897569656372 704.2718505859375 19.820925146341324
354.11888122558594 555.8930587768555 -56.3017612695694
301.9624900817871 516.7485809326172 -10.553073585033417
201.8374729156494 448.94664764404297 77.33492016792297
260.38565397262573 451.01245880126953 17.36278384923935
274.47864532470703 452.89093017578125 12.385967820882797
299.239296913147 636.0906982421875 -5.705782100558281
211.2467908859253 554.1604995727539 71.35176479816437
327.4084138870239 725.7848358154297 24.331189692020416
286.07707500457764 701.6156768798828 57.26816654205322
269.2962312698364 686.3684844970703 76.31482243537903
365.2778148651123 330.47584533691406 -27.479083836078644
358.84770154953003 729.9839019775391 18.132060170173645
289.1335916519165 451.3136672973633 10.827817618846893
303.04569482803345 447.21099853515625 12.386578023433685
312.68999576568604 444.1571044921875 15.405343919992447
205.10058403015137 413.8731002807617 61.52015447616577
303.3820652961731 429.1310501098633 9.192320555448532
288.88489723205566 424.5012664794922 7.256249114871025
274.1650414466858 423.35071563720703 9.110438749194145
259.4628667831421 425.9832000732422 14.47862595319748
250.2515172958374 430.4640579223633 20.563799142837524
187.92232275009155 404.9408721923828 147.70588159561157
251.51052474975586 447.45338439941406 23.608345091342926
359.7864532470703 576.8328094482422 -43.14598202705383
312.0626163482666 584.9419784545898 -24.61238980293274
324.0547513961792 545.9969329833984 -43.81172776222229
339.08645153045654 578.1259536743164 -40.43156236410141
363.23543071746826 420.7271957397461 -30.086140036582947
264.0025806427002 671.0563659667969 54.207449555397034
281.7091941833496 687.3118591308594 37.87458300590515
325.7036876678467 717.67822265625 3.5573551431298256
232.91792392730713 640.052490234375 133.60456466674805
313.4801959991455 436.03153228759766 12.831948101520538
335.8002305030823 477.6709747314453 -39.5541313290596
358.56568336486816 721.3011169433594 -2.011377476155758
304.51385021209717 715.4678344726562 37.6750186085701
202.95018196105957 558.9566040039062 124.43295478820801
331.45949363708496 628.7703323364258 -22.34838679432869
327.7629590034485 636.6561126708984 -23.869176506996155
324.14485216140747 646.7169189453125 -26.124992072582245
321.60351276397705 658.1102752685547 -23.21021407842636
318.0917501449585 666.5240478515625 -8.82074810564518
306.7166304588318 625.5636215209961 -10.321009531617165
302.3205542564392 622.8427505493164 -10.094233453273773
298.712854385376 619.7249603271484 -9.787872210144997
288.3246374130249 610.8903884887695 -4.832061566412449
230.22202491760254 564.9159622192383 36.284818947315216
336.4596891403198 460.1057815551758 -24.287088811397552
328.8189768791199 425.0093078613281 2.1310108713805676
319.7708559036255 428.3619689941406 9.346061423420906
310.8956837654114 627.7709579467773 -8.471513763070107
232.79664516448975 604.8004150390625 60.95910608768463
342.1688461303711 422.27134704589844 -18.58388900756836
309.9311399459839 678.4099578857422 1.6019318997859955
361.1786699295044 482.5218963623047 -70.79273879528046
346.76971435546875 468.0949401855469 -51.01327121257782
361.77459239959717 464.4435501098633 -55.60548663139343
324.7562026977539 505.9693908691406 -39.207214415073395
358.36119174957275 707.8496551513672 -10.773193091154099
358.4371304512024 691.1073303222656 -10.705491453409195
332.7000045776367 688.8948822021484 -6.7887380719184875
277.8965950012207 648.0897521972656 15.653365105390549
295.393545627594 554.5903015136719 -7.615239322185516
292.2783851623535 665.1010894775391 9.05498743057251
260.0705909729004 551.2176132202148 2.3820671439170837
281.56641483306885 572.2418594360352 -4.606827758252621
250.0050973892212 579.2014312744141 15.266052782535553
327.3827934265137 704.8444366455078 -5.169866345822811
316.1485433578491 516.7336654663086 -27.182656824588776
266.31940841674805 656.5741729736328 33.52453351020813
284.52027797698975 674.3779754638672 23.33208829164505
266.80147647857666 627.0775985717773 17.994222790002823
218.27988624572754 582.8634643554688 76.66635274887085
249.80828762054443 625.5910110473633 36.55672252178192
213.114595413208 593.6250305175781 116.87825560569763
271.6906929016113 596.0990905761719 3.441149778664112
326.317720413208 490.1215362548828 -27.62029677629471
325.59906005859375 539.2827987670898 -63.399245738983154
317.07783222198486 545.1477432250977 -45.42772114276886
331.3199973106384 527.3456192016602 -75.15479922294617
314.9270439147949 406.2218475341797 -2.225418258458376
286.793053150177 392.3470687866211 -2.8813794627785683
262.07287073135376 389.1081237792969 0.5631764698773623
242.1646785736084 393.15113067626953 9.229710549116135
229.1750192642212 402.87853240966797 20.846603214740753
224.53303813934326 440.9041213989258 46.56286954879761
189.8299527168274 484.2190933227539 123.90522480010986
235.57157278060913 468.4526824951172 32.08759367465973
251.34508609771729 473.97212982177734 21.01878359913826
272.71915912628174 474.7534942626953 12.821267545223236
293.9277505874634 470.4969024658203 7.83361941576004
310.88768005371094 463.1031799316406 6.670016795396805
322.4747371673584 455.8022689819336 4.7100502252578735
192.13680267333984 483.88782501220703 187.1008801460266
317.98115730285645 550.5133056640625 -37.34726071357727
335.155234336853 493.55438232421875 -52.37326383590698
335.9710121154785 539.7782897949219 -76.81203961372375
345.06670475006104 548.7778854370117 -70.86110830307007
336.8111228942871 542.8650665283203 -68.8918787240982
322.8489375114441 556.0922622680664 -32.045603692531586
347.57999897003174 550.3982543945312 -75.349640250206
349.6057105064392 554.798469543457 -56.22194945812225
323.45998764038086 441.2953567504883 12.202259302139282
331.4188313484192 444.6953582763672 2.0043303072452545
335.8431887626648 446.3604736328125 -9.053357318043709
245.0877285003662 434.12696838378906 27.005317211151123
232.52679347991943 422.2683334350586 28.60065758228302
375.129075050354 485.5686569213867 -66.13412797451019
489.8169422149658 443.7993621826172 15.649998933076859
374.1959238052368 552.6567459106445 -57.53134489059448
549.8661518096924 376.85874938964844 93.96155834197998
440.2923345565796 458.04664611816406 -0.3014412126503885
457.0080757141113 461.1259460449219 0.5238388571888208
473.02605628967285 460.9001159667969 4.890230633318424
495.628023147583 449.5674133300781 18.310087770223618
426.0021686553955 452.0965576171875 2.7239740267395973
466.9395446777344 400.7162857055664 -7.452775910496712
446.52535915374756 403.75301361083984 -6.610949859023094
486.21758937835693 403.68438720703125 -1.9183234311640263
498.62454414367676 411.7655563354492 4.756649918854237
506.58478260040283 461.15882873535156 26.502676606178284
416.82146072387695 693.8121032714844 3.1702547147870064
496.17412090301514 437.4418640136719 21.256814897060394
549.3464469909668 453.6427307128906 98.6981999874115
524.5612049102783 445.5344772338867 43.08796048164368
441.57936573028564 533.2194137573242 -14.471101015806198
382.65531063079834 597.4103164672852 -48.406153321266174
379.8743963241577 622.8031539916992 -40.8133989572525
403.4557342529297 605.9185791015625 -40.07969945669174
416.3720941543579 615.2373123168945 -29.67095285654068
395.3726291656494 624.4565582275391 -35.8821764588356
407.312707901001 626.9761276245117 -25.941161513328552
429.1133165359497 647.1420288085938 -3.979477509856224
372.91953563690186 542.8042221069336 -86.50143921375275
375.26322841644287 525.7580184936523 -91.5913438796997
522.051043510437 390.28438568115234 11.12120769917965
411.86036109924316 487.31143951416016 -15.640982687473297
409.8457860946655 541.0302352905273 -48.444803953170776
411.71170234680176 531.7612838745117 -43.689598739147186
489.60219383239746 533.1509399414062 4.472573474049568
375.36510944366455 504.053955078125 -81.89855933189392
483.0860137939453 369.4428253173828 -15.890099555253983
506.9680166244507 375.4949951171875 -3.407749906182289
535.6603574752808 343.8142395019531 61.62222862243652
404.35669898986816 390.11817932128906 -27.821945250034332
429.19429779052734 412.86109924316406 -1.2387271877378225
439.73095893859863 630.7285308837891 -1.5582244656980038
517.2312211990356 611.335334777832 145.1186978816986
397.0336675643921 550.4440307617188 -41.68342173099518
384.3327856063843 555.4219818115234 -41.896837055683136
430.18645763397217 631.3722991943359 -4.207942374050617
426.0752534866333 631.5671157836914 -8.771124556660652
516.1490678787231 362.3528289794922 4.069492109119892
409.93663787841797 549.6400833129883 -39.35904085636139
449.89532947540283 373.4907531738281 -24.650874137878418
452.7779960632324 357.8565216064453 -28.07433307170868
467.0009994506836 299.6318054199219 -0.5581757007166743
523.6217880249023 358.29761505126953 28.0683571100235
456.60823345184326 330.89515686035156 -15.642706006765366
531.0435247421265 382.22930908203125 25.11308580636978
538.4967184066772 385.42991638183594 56.30295217037201
381.85734272003174 610.4312133789062 -46.80420398712158
399.549880027771 615.6716156005859 -39.0611869096756
412.0954942703247 621.1643600463867 -29.384455382823944
392.91014671325684 553.8689804077148 -37.45108902454376
428.063006401062 631.5380859375 -6.604541391134262
420.75469493865967 636.7933654785156 -15.22619515657425
423.77503395080566 631.6289520263672 -9.005686417222023
390.20763874053955 543.0792999267578 -63.937007188797
403.6290693283081 630.7351684570312 -22.330348938703537
391.8992328643799 630.2763366699219 -28.201560974121094
377.955265045166 630.2646636962891 -32.497791945934296
379.99460220336914 675.9234619140625 -12.158462852239609
382.4532651901245 666.9402313232422 -30.5147784948349
381.5766763687134 653.9708709716797 -34.037905633449554
380.03790378570557 640.5079650878906 -31.568213403224945
378.1312608718872 630.3887939453125 -30.430951416492462
403.95132064819336 631.0291290283203 -20.634636282920837
407.68070697784424 635.9734725952148 -22.271784245967865
412.03386783599854 642.4954986572266 -24.572081565856934
415.34568786621094 649.3869781494141 -21.70801743865013
423.0186080932617 597.6608657836914 -23.924936950206757
542.858247756958 529.2166137695312 169.14464950561523
412.9946565628052 631.3167572021484 -13.893118500709534
416.84532165527344 633.946418762207 -15.11006087064743
379.8309659957886 562.1940994262695 -42.73179531097412
403.6150360107422 560.328483581543 -26.81964933872223
381.9331741333008 558.939094543457 -42.57615476846695
429.0931034088135 498.6862564086914 -10.614701360464096
454.7354507446289 511.7718505859375 -6.17903508245945
414.0402889251709 540.428581237793 -34.470741748809814
509.65288639068604 317.1898078918457 27.857261896133423
498.0618381500244 339.1490936279297 4.3972546979784966
489.1952705383301 354.1435241699219 -13.666276037693024
416.7121124267578 657.8490447998047 -9.33106318116188
410.217604637146 365.2154541015625 -34.52246278524399
413.58139514923096 330.2250671386719 -26.18116021156311
420.7748222351074 291.56354904174805 -15.680942237377167
487.11220264434814 457.30411529541016 11.90019428730011
522.3684883117676 474.2524719238281 35.08454114198685
416.39119148254395 446.71112060546875 5.2111804112792015
513.421196937561 419.6990966796875 19.548357725143433
400.43140411376953 474.783935546875 -20.97128838300705
400.6967496871948 532.8797149658203 -63.90847384929657
533.5264778137207 488.26610565185547 52.815157771110535
510.7516050338745 488.4153747558594 20.217141062021255
488.8346529006958 495.30460357666016 5.44894952327013
456.92164421081543 490.8591079711914 -0.35857056733220816
433.9028835296631 481.6496276855469 -3.269107863306999
416.31767749786377 471.9856643676758 -6.6906289011240005
378.2948970794678 449.5512390136719 -36.269111931324005
526.683669090271 525.6262969970703 48.04268717765808
524.4007015228271 416.3843536376953 27.280404567718506
367.53138542175293 551.911735534668 -78.59067678451538
408.7814426422119 504.3170928955078 -22.77878075838089
555.0616121292114 452.0101547241211 155.97532510757446
403.1361436843872 461.4551544189453 -8.611655160784721
415.44490814208984 541.8434143066406 -18.249017894268036
503.7526273727417 436.89849853515625 24.546589851379395
402.0468235015869 521.8133926391602 -57.816399335861206
532.5650024414062 569.5538330078125 162.0654308795929
416.1742973327637 440.01007080078125 8.98995392024517
389.1408920288086 510.86524963378906 -72.86863446235657
480.4836702346802 653.1622314453125 57.52188205718994
479.2624282836914 668.9244079589844 89.09199714660645
540.4804801940918 527.3695373535156 107.1337366104126
499.9533748626709 630.0851440429688 77.29292213916779
544.6455001831055 417.48207092285156 82.28857934474945
419.3322229385376 706.9178771972656 13.273288160562515
366.0675859451294 556.1402893066406 -56.881853342056274
422.9339790344238 518.4252166748047 -17.242367416620255
536.9172191619873 449.3646240234375 59.08366799354553
473.0810308456421 451.0033416748047 5.877308696508408
458.54156970977783 451.5306091308594 2.163227554410696
424.2369747161865 639.8194122314453 -12.663331031799316
519.0340089797974 559.5111465454102 53.35131525993347
391.2917232513428 727.3930358886719 20.891675055027008
437.550687789917 704.8687744140625 48.8024765253067
456.8107080459595 690.1861572265625 65.88669955730438
444.11866664886475 448.7945556640625 2.128894943743944
430.5766439437866 444.57725524902344 4.955844841897488
421.1917018890381 442.2102737426758 8.750274404883385
534.3507957458496 412.5332260131836 43.76921206712723
432.30600357055664 429.1683578491211 1.5175767615437508
447.14394092559814 424.9408721923828 -1.7302481085062027
462.11225509643555 424.2276382446289 -1.3385665509849787
477.0910406112671 426.6614532470703 2.5095052644610405
486.4478302001953 430.6407928466797 7.780308499932289
555.3960514068604 411.0698699951172 128.79035353660583
482.9979085922241 447.80887603759766 11.067120283842087
409.1199588775635 586.3765716552734 -30.128961503505707
397.227258682251 547.0495223999023 -47.53429055213928
380.91050148010254 578.7846374511719 -42.74966686964035
460.7864284515381 674.8594665527344 43.16956669092178
440.7740592956543 690.6071472167969 29.093618094921112
392.0944118499756 719.2385864257812 -0.10001176851801574
498.66119384765625 644.6195983886719 118.40662121772766
421.3210916519165 435.5072021484375 5.978861823678017
388.3393621444702 478.3292007446289 -42.62728303670883
416.32136821746826 718.0264282226562 31.367723643779755
530.7446193695068 564.459342956543 105.10064363479614
392.23315715789795 630.512580871582 -26.214196979999542
395.560941696167 638.4785079956055 -27.860512733459473
398.8153839111328 648.6321258544922 -30.361192524433136
400.9631681442261 660.0777435302734 -27.593238651752472
400.7044744491577 668.1196594238281 -13.446301370859146
417.14242458343506 629.1056442260742 -16.865828186273575
421.5265703201294 626.546745300293 -17.268246710300446
425.33543586730957 623.4793090820312 -17.429639250040054
433.3791446685791 613.1803512573242 -13.896046131849289
496.71043395996094 569.5689010620117 21.088573336601257
389.2374515533447 460.7672119140625 -27.562758028507233
403.47744941711426 424.4717788696289 -1.895450558513403
414.1584348678589 427.82482147216797 3.549591489136219
412.82870292663574 631.1397552490234 -14.735534638166428
494.7548246383667 609.0705871582031 45.80719470977783
386.60545349121094 422.6103210449219 -21.048778742551804
409.3497705459595 680.4081726074219 -3.6002641171216965
376.8407106399536 468.47896575927734 -52.7133572101593
398.5814094543457 506.9513702392578 -43.219455778598785
384.8936891555786 689.9935913085938 -9.327406659722328
444.5246887207031 651.2082672119141 6.435505226254463
428.1888771057129 556.5470886230469 -14.717874974012375
428.813681602478 667.7382659912109 1.8546424247324467
464.16862964630127 554.7451400756836 -8.631420359015465
441.45495414733887 574.9321746826172 -13.40932309627533
474.7306966781616 583.2138061523438 2.6926674507558346
390.04340171813965 706.3205718994141 -8.578235507011414
407.80327320098877 517.7619934082031 -32.21008479595184
457.4419069290161 660.2817535400391 23.080596327781677
437.2658586502075 677.4289703369141 15.286377221345901
456.34576320648193 630.5348968505859 6.904166266322136
511.5388011932373 587.7153015136719 59.68905866146088
475.2132797241211 629.59228515625 23.859423995018005
518.8389587402344 598.4183883666992 98.38678479194641
451.4426851272583 599.2813110351562 -6.91096767783165
398.29662322998047 491.06029510498047 -31.948606967926025
395.2072763442993 540.2492141723633 -67.25221753120422
404.33438301086426 546.3447189331055 -49.92307662963867
388.8867473602295 528.129768371582 -78.11590433120728
418.3866262435913 406.26094818115234 -7.83122219145298
447.628755569458 392.4750518798828 -11.032277047634125
473.4980821609497 389.22035217285156 -10.253710225224495
494.4223165512085 393.13838958740234 -3.7459462881088257
508.447265625 402.79422760009766 6.417246758937836
512.7858781814575 440.90904235839844 31.261489391326904
547.2984409332275 490.5126190185547 103.35272312164307
497.5730323791504 469.93946075439453 17.92179375886917
479.5932197570801 475.38475036621094 8.673078417778015
457.4919891357422 474.34764862060547 2.581671606749296
436.7109203338623 468.65795135498047 -0.3157069184817374
420.35940170288086 461.30104064941406 0.47410030849277973
408.8504934310913 454.4709014892578 -0.39229159243404865
550.1037740707397 490.5290222167969 167.97163367271423
403.64546298980713 551.6719055175781 -41.71808123588562
387.63726711273193 494.2497253417969 -55.56053280830383
384.055552482605 540.538215637207 -79.20849680900574
375.3244686126709 549.4364547729492 -72.22589671611786
383.8312339782715 543.7438583374023 -71.36332511901855
398.81486892700195 557.1538543701172 -35.70137947797775
372.3822784423828 550.9265899658203 -76.46305739879608
370.69892406463623 555.1999664306641 -57.17661201953888
410.05074977874756 440.17982482910156 7.049205377697945
399.94487285614014 443.82862091064453 -2.0457570254802704
393.2704210281372 446.66893005371094 -12.368821799755096
491.9056749343872 434.00867462158203 13.69398057460785
505.40289402008057 422.0017623901367 14.507773518562317
278.070273399353 437.74181365966797 16.967550963163376
296.5090012550354 437.4724578857422 16.967550963163376
278.02658557891846 420.81432342529297 16.967550963163376
259.5726013183594 437.9621124267578 16.967550963163376
278.0579137802124 454.41627502441406 16.967550963163376
459.17272567749023 438.5255432128906 6.8281786143779755
478.56732845306396 439.512939453125 6.8281786143779755
459.9502229690552 422.17994689941406 6.8281786143779755
439.78996753692627 437.5259017944336 6.8281786143779755
458.3905506134033 454.89044189453125 6.8281786143779755