48 49 64
259 260 444
347 348 450
391 423 426
88 95 96
309 457 459
128 232 233
28 56 157
147 177 215
22 26 154
308 324 325
282 283 293
41 72 73
202 204 210
108 109 151
33 130 247
174 188 196
171 175 199
352 366 401
7 25 33
32 140 211
345 366 447
262 418 431
287 410 432
322 426 436
271 272 311
261 340 446
326 391 393
355 358 429
67 69 108
269 270 322
55 65 107
287 291 409
394 395 431
265 342 446
26 112 155
39 40 92
97 165 167
367 433 435
92 186 216
4 44 45
122 188 196
17 313 314
279 358 429
37 39 72
294 455 460
15 16 85
13 38 82
7 25 110
250 290 392
276 283 293
6 168 351
138 192 213
411 425 427
64 102 129
285 413 441
60 75 240
318 402 403
44 220 237
1 19 44
69 104 105
63 68 71
42 74 184
199 200 208
272 310 407
285 295 441
19 125 141
345 352 366
287 422 432
138 213 215
326 370 462
60 99 240
0 11 267
50 123 187
250 290 328
62 76 77
125 141 241
28 157 158
40 73 74
270 303 304
286 384 398
249 255 339
273 321 375
29 223 224
42 80 183
252 256 451
43 61 146
256 341 382
266 329 371
114 174 188
17 314 315
282 283 443
24 110 144
26 231 232
83 84 181
259 443 444
9 285 336
250 309 392
52 65 66
413 414 463
255 261 448
277 355 437
254 339 373
260 466 467
25 31 228
424 430 431
32 171 208
341 362 382
295 296 336
40 92 186
20 99 242
111 116 123
253 449 450
187 192 214
295 441 442
46 70 156
91 106 182
48 115 219
198 209 217
29 30 160
342 445 467
9 336 337
92 165 206
341 362 463
420 437 456
369 395 431
12 13 268
46 113 225
25 130 226
202 212 214
114 128 188
342 446 467
204 210 211
85 86 179
43 57 202
291 306 375
260 445 467
251 284 298
309 438 457
3 196 236
79 237 239
292 306 307
101 119 120
88 178 179
36 100 142
28 56 221
118 229 230
101 118 119
3 196 197
40 74 185
276 353 383
363 420 456
23 229 230
113 225 247
307 320 325
1 4 274
257 259 387
20 60 99
25 31 226
86 87 178
111 116 143
62 183 191
364 379 394
41 42 81
135 150 169
285 413 417
93 132 137
327 358 423
9 108 151
50 101 205
438 440 457
422 424 430
89 179 180
34 127 139
279 294 358
346 448 449
46 63 70
47 100 126
135 192 214
344 360 440
45 51 134
195 248 281
122 193 245
21 68 71
97 98 165
175 377 396
16 17 315
369 395 400
120 230 231
3 195 197
186 212 216
32 194 201
53 224 225
200 421 428
8 168 193
35 113 226
340 346 352
257 386 387
399 419 456
277 329 355
91 181 182
294 327 460
411 427 434
111 117 123
41 73 74
58 132 177
251 298 301
134 198 236
262 369 396
106 182 194
34 139 156
254 448 449
0 37 164
349 451 452
458 461 462
194 204 211
280 411 425
266 371 423
350 357 452
28 158 159
50 117 118
6 197 419
16 17 85
64 235 240
39 165 167
252 256 381
318 319 403
129 142 203
255 263 359
270 322 410
54 103 104
279 331 358
30 225 247
116 143 227
356 368 389
271 272 304
360 363 440
259 260 387
175 199 396
273 287 291
49 102 129
252 380 381
281 363 456
457 459 461
20 238 242
46 113 124
46 53 63
420 429 437
12 38 72
18 200 201
193 244 245
293 298 301
276 293 300
21 54 68
370 461 462
52 66 105
122 188 245
44 125 237
59 75 166
38 41 81
322 410 436
379 394 395
313 314 405
399 437 456
293 333 334
261 346 448
25 110 228
26 154 155
257 442 443
427 432 436
248 281 456
292 307 325
269 270 303
0 164 267
292 308 325
329 330 349
19 44 125
35 111 226
292 407 415
18 313 421
340 345 372
266 330 425
11 12 72
8 9 285
63 68 104
148 171 175
17 18 83
200 201 208
2 164 167
314 404 405
357 452 453
19 274 354
30 160 161
13 268 312
20 79 166
39 92 165
250 328 462
277 350 357
323 447 454
140 148 171
422 432 434
359 446 467
261 340 346
425 426 436
273 287 422
266 423 426
70 71 139
37 164 167
272 310 311
22 23 145
38 81 82
135 169 214
369 377 400
15 16 315
51 134 236
341 463 464
260 387 388
202 210 214
307 320 321
53 223 224
207 212 214
453 464 465
20 79 238
418 424 431
135 136 150
169 210 211
290 305 460
92 206 216
151 337 338
238 241 242
289 439 455
198 217 236
276 342 353
282 295 296
22 230 231
316 402 403
255 261 446
320 404 405
273 321 335
30 161 247
22 26 231
86 178 179
27 28 222
60 75 166
52 65 222
63 70 71
112 133 155
6 196 197
32 201 208
123 137 177
376 401 435
76 77 146
43 202 204
47 100 121
52 53 63
329 355 371
54 68 104
38 41 72
11 12 302
348 349 450
112 133 243
291 408 409
274 354 457
75 235 240
344 438 440
22 23 230
42 80 81
322 391 426
43 57 61
258 384 385
253 254 449
280 346 347
321 405 406
34 143 156
28 221 222
126 129 209
341 453 464
25 33 130
125 237 241
116 123 137
351 412 419
319 320 404
318 319 325
164 267 393
313 405 406
14 15 316
168 351 417
9 107 108
55 189 221
260 444 445
353 372 383
34 227 234
399 412 419
265 353 372
110 144 163
0 11 37
80 183 191
64 98 240
7 110 163
132 137 177
57 185 186
249 255 263
288 361 401
36 101 205
118 119 230
358 371 423
67 103 104
65 66 107
365 367 397
189 193 244
233 244 245
323 366 447
339 373 390
327 328 460
352 376 411
34 143 227
289 392 439
267 269 302
292 308 415
114 174 217
257 259 443
271 303 304
297 332 333
97 141 242
26 112 232
112 232 233
285 295 336
12 268 302
52 63 105
278 279 360
5 195 281
264 372 447
52 53 223
34 127 234
352 376 401
286 414 441
20 60 166
254 339 448
265 340 372
284 298 333
274 275 440
50 187 205
346 347 449
43 91 146
48 219 235
77 90 96
136 138 172
282 293 334
115 131 220
276 342 445
280 346 352
327 391 423
57 61 185
11 267 302
128 233 245
49 131 209
77 90 91
133 173 190
279 360 429
18 83 201
292 306 407
413 414 441
364 365 367
2 94 141
289 305 455
9 55 107
112 233 244
237 239 241
32 194 211
36 203 206
364 416 434
283 444 445
42 183 184
362 414 463
277 343 437
264 356 454
275 281 363
135 136 138
83 182 201
278 279 294
36 142 203
9 151 337
266 425 426
335 406 418
23 24 144
24 110 228
43 91 106
278 294 455
59 166 219
89 90 96
262 396 428
300 368 383
97 98 99
44 45 220
115 218 219
286 398 414
174 196 236
321 335 406
282 442 443
310 407 415
141 241 242
112 243 244
2 94 370
47 114 128
296 299 334
330 348 349
271 302 303
394 430 434
425 427 436
238 239 241
1 4 44
130 226 247
48 115 131
88 89 96
256 451 452
48 64 235
288 401 435
17 84 85
199 200 428
11 37 72
199 396 428
2 97 141
367 397 435
378 395 400
378 379 395
252 253 374
280 352 411
10 109 151
417 464 465
46 124 156
121 128 232
376 411 433
40 185 186
319 320 325
411 416 433
340 345 352
277 329 350
117 118 229
120 231 232
97 99 242
61 76 146
269 391 393
30 224 225
64 98 129
8 285 417
268 271 311
19 94 141
56 157 173
79 218 237
264 356 368
4 274 275
187 192 213
69 107 108
367 416 433
265 340 446
392 438 439
264 447 454
189 190 221
47 121 128
354 457 461
24 228 229
255 339 448
250 309 459
47 126 217
301 368 389
297 299 337
43 106 204
361 366 401
320 321 405
100 101 120
345 372 447
39 72 73
93 137 227
19 94 370
272 407 408
2 97 167
61 76 184
148 152 175
23 24 229
83 181 182
354 370 461
360 363 420
119 120 230
343 357 412
23 144 145
283 443 444
5 51 195
299 333 334
316 317 402
127 139 162
84 180 181
90 91 181
297 299 333
122 168 193
297 337 338
62 76 183
27 222 223
18 200 421
344 438 439
369 377 396
10 151 338
410 432 436
306 307 375
22 153 154
278 344 439
293 300 301
262 369 431
52 222 223
305 455 460
131 198 209
360 420 429
35 111 143
294 327 358
48 49 131
49 129 209
35 124 143
58 172 215
161 246 247
251 301 389
256 341 452
49 64 102
50 117 123
115 218 220
147 213 215
249 339 390
252 450 451
293 298 333
256 381 382
187 205 207
280 330 425
272 304 408
306 407 408
147 187 213
276 283 445
6 122 168
326 327 391
29 30 224
71 139 162
3 51 195
126 209 217
124 143 156
260 388 466
31 111 117
289 290 305
62 78 96
315 403 404
318 324 325
205 206 216
422 430 434
8 55 193
140 170 176
275 363 440
66 69 105
291 306 408
88 89 179
323 361 366
319 403 404
364 365 379
300 301 368
289 290 392
355 358 371
98 99 240
279 294 331
326 327 328
189 190 243
263 466 467
33 246 247
315 316 403
59 219 235
268 311 312
376 433 435
182 194 201
266 329 330
268 271 302
262 418 421
138 172 215
195 197 248
258 286 441
278 439 455
278 344 360
123 147 177
357 412 465
131 134 198
351 412 465
6 351 419
189 243 244
257 258 442
169 210 214
270 409 410
274 440 457
76 183 184
37 39 167
79 166 218
84 85 180
55 65 221
113 226 247
362 398 414
257 258 386
288 397 435
296 299 336
17 18 313
3 51 236
248 419 456
343 399 437
27 29 160
258 385 386
59 75 235
116 137 227
27 159 160
133 190 243
93 227 234
282 296 334
47 114 217
57 202 212
269 302 303
250 458 459
19 354 370
2 164 393
55 189 193
27 28 159
149 170 176
4 45 51
66 69 107
343 399 412
264 368 383
411 416 434
135 138 192
252 253 450
294 331 358
357 453 465
31 111 226
265 342 353
77 91 146
263 359 467
56 173 190
287 409 410
458 459 461
250 458 462
67 108 109
62 77 96
98 129 203
85 179 180
330 347 348
50 101 118
90 180 181
171 199 208
280 330 347
79 238 239
314 315 404
63 104 105
46 53 225
123 147 187
78 95 96
351 417 465
126 129 142
174 217 236
258 441 442
341 452 453
349 450 451
14 316 317
56 190 221
4 275 281
128 188 245
41 42 74
273 291 375
218 220 237
276 300 383
8 168 417
269 322 391
1 19 274
252 374 380
347 449 450
264 372 383
427 432 434
131 134 220
152 175 377
165 203 206
258 286 384
326 328 462
70 139 156
65 221 222
329 349 350
355 429 437
304 408 409
21 71 162
205 207 216
36 100 101
273 335 424
364 367 416
413 463 464
98 165 203
4 5 51
413 417 464
61 184 185
149 150 170
100 120 121
120 121 232
299 336 337
49 64 129
364 394 434
22 145 153
150 169 170
35 113 124
39 40 73
58 177 215
166 218 219
253 373 374
74 184 185
267 269 393
273 422 424
394 430 431
17 83 84
140 170 211
277 343 357
4 5 281
14 15 86
307 321 375
36 205 206
100 126 142
2 326 393
89 90 180
27 29 223
67 69 104
62 78 191
290 328 460
262 421 428
2 326 370
187 207 214
45 134 220
253 254 373
15 315 316
12 13 38
207 212 216
406 418 421
117 228 229
106 194 204
313 406 421
282 295 442
349 350 452
6 122 196
335 418 424
140 148 176
169 170 211
255 359 446
197 248 419
309 392 438
31 117 228
284 332 333
14 86 87
270 304 409
8 9 55
32 140 171
15 85 86
57 186 212